LEFT
01 0 118 62 118 118 62 118 0 79 116 90 111 101 103 110 91 116 76
12 102 0 102 62 158 118 220 118 104 79 109 90 117 101 129 110 143 116
23 220 102 158 102 102 158 102 220 142 105 131 109 120 117 110 129 105 143
30 118 220 118 158 62 102 0 102 116 141 111 130 103 119 91 110 77 105
RIGHT
03 0 132 62 132 78 132 88 144 88 220 85 135
10 88 0 88 62 88 78 75 88 0 88 85 85
21 220 88 158 88 142 88 132 75 132 0 135 85 
32 132 220 132 158 132 142 144 132 220 132 135 135
STRAIGHT
02 0 132 62 132 220 132
13 88 0 88 63 88 220
20 220 88 157 88 0 88
31 132 220 132 158 132 0
END